0 0 0 -3.11041e-309 0 0
0 0.125 0.0881658 -7.36158e-322 0 0
0 0.25 0.389513 -2.10815e-309 0 0
0 0.375 0.888233 -2.87052e-321 0 0
0 0.5 1.58953 -2.248e-321 0 0
0 0.625 2.49225 0 0 0
0 0.75 3.49234 -2.10815e-309 0 0
0 0.875 3.91655 -2.10815e-309 0 0
0 1 0 -5.69164e-320 1 0

0.125 0 0.0881658 -3.11041e-309 0 0
0.125 0.125 0.185242 -0.000689082 -0.0188432 0.01535
0.125 0.25 0.306662 -0.00304448 -0.0311798 0.0503678
0.125 0.375 0.47088 -0.00694196 -0.0438352 0.101757
0.125 0.5 0.630149 -0.0124214 -0.0564151 0.165577
0.125 0.625 0.643313 -0.0194732 -0.0624948 0.230139
0.125 0.75 0.0858329 -0.0272851 -0.0265042 0.265021
0.125 0.875 -2.46999 -0.0305981 0.244785 0.207341
0.125 1 -12.0834 -2.49009e-321 1 0

0.25 0 0.333633 0 0 0
0.25 0.125 0.259683 -0.00260784 -0.0538609 0.0148287
0.25 0.25 0.192732 -0.00934045 -0.0825693 0.0457508
0.25 0.375 0.0950758 -0.0196616 -0.107655 0.0885377
0.25 0.5 -0.113308 -0.0331185 -0.120977 0.138064
0.25 0.625 -0.583917 -0.0482407 -0.0973763 0.180733
0.25 0.75 -1.64698 -0.0604127 0.0311757 0.187705
0.25 0.875 -4.06035 -0.0565158 0.452126 0.120768
0.25 1 -8.76613 -2.10763e-309 1 0

0.375 0 0.570752 0 0 0
0.375 0.125 0.324603 -0.00446143 -0.084783 0.00633114
0.375 0.25 0.112815 -0.0150593 -0.125356 0.0192644
0.375 0.375 -0.153381 -0.0307288 -0.157182 0.0374907
0.375 0.5 -0.576098 -0.0503766 -0.163646 0.0595231
0.375 0.625 -1.28611 -0.0708323 -0.104348 0.0792148
0.375 0.75 -2.4679 -0.0838758 0.0981122 0.0816602
0.375 0.875 -4.37307 -0.0716118 0.572894 0.0489362
0.375 1 -6.83402 0 1 0

0.5 0 0.671994 0 0 0
0.5 0.125 0.351026 -0.00525282 -0.0977162 -0.00546506
0.5 0.25 0.0829202 -0.0174674 -0.143583 -0.0162578
0.5 0.375 -0.248211 -0.0354152 -0.179214 -0.0292271
0.5 0.5 -0.764331 -0.0578169 -0.183338 -0.0402211
0.5 0.625 -1.5923 -0.0807342 -0.106793 -0.0433461
0.5 0.75 -2.82504 -0.0940833 0.130836 -0.0338693
0.5 0.875 -4.43828 -0.0777288 0.62183 -0.0148348
0.5 1 -6.05113 -2.10815e-309 1 0

0.625 0 0.584615 0 0 0
0.625 0.125 0.326734 -0.00456969 -0.0869235 -0.0149712
0.625 0.25 0.112863 -0.0154351 -0.130613 -0.0458536
0.625 0.375 -0.166393 -0.0317618 -0.16822 -0.0876792
0.625 0.5 -0.650328 -0.0527893 -0.180213 -0.133568
0.625 0.625 -1.50542 -0.0753159 -0.11627 -0.167636
0.625 0.75 -2.85059 -0.0898496 0.111802 -0.162146
0.625 0.875 -4.58581 -0.0758744 0.606996 -0.0928487
0.625 1 -6.28845 -2.10815e-309 1 0

0.75 0 0.345221 -2.2233e-321 0 0
0.75 0.125 0.266956 -0.00269829 -0.0560411 -0.0160402
0.75 0.25 0.207538 -0.00970342 -0.0887876 -0.0526557
0.75 0.375 0.108885 -0.0208019 -0.122331 -0.107626
0.75 0.5 -0.165613 -0.0360933 -0.146145 -0.178108
0.75 0.625 -0.858482 -0.0543614 -0.12176 -0.250586
0.75 0.75 -2.30125 -0.0695814 0.0425041 -0.285547
0.75 0.875 -4.70865 -0.0642684 0.514147 -0.209772
0.75 1 -7.77389 -2.10815e-309 1 0

0.875 0 0.088709 -2.10815e-309 0 0
0.875 0.125 0.194887 -0.000693266 -0.0194255 -0.00554613
0.875 0.25 0.336468 -0.00312146 -0.0338173 -0.0249717
0.875 0.375 0.534788 -0.00734862 -0.0518491 -0.058789
0.875 0.5 0.714139 -0.0138298 -0.0736669 -0.110638
0.875 0.625 0.635168 -0.0230381 -0.0867988 -0.184305
0.875 0.75 -0.312765 -0.033888 -0.0332714 -0.271104
0.875 0.875 -3.45809 -0.0380469 0.304375 -0.304375
0.875 1 -11.1301 -2.47033e-323 1 0

1 0 0 -2.10815e-309 0 0
1 0.125 0.088709 -2.10815e-309 0 0
1 0.25 0.39939 0 0 0
1 0.375 0.940315 0 0 0
1 0.5 1.76981 -2.10763e-309 0 0
1 0.625 2.9485 -2.10815e-309 0 0
1 0.75 4.33741 -2.10763e-309 0 0
1 0.875 4.86992 -2.10815e-309 0 0
1 1 0 -2.10815e-309 1 0

