0 0
0.0976187 0
0.286169 0
0.558354 0
0.975449 0
1.66132 0
2.73512 0
3.62957 0
0 0

0.0976187 0
0.0758266 -0.000762646
0.109499 -0.00223569
0.186114 -0.00436214
0.29119 -0.0076207
0.33622 -0.012979
-0.157747 -0.0213681
-2.81393 -0.028356
-12.3704 0

0.243538 0
0.0904415 -0.00190264
0.0455922 -0.00535894
0.0469745 -0.01021
0.0403156 -0.0172635
-0.138233 -0.0277732
-1.10788 -0.0416206
-4.17858 -0.0479439
-9.86319 0

0.354069 0
0.114803 -0.00276617
0.0332277 -0.00768702
0.0110078 -0.014475
-0.026264 -0.024029
-0.268166 -0.0374528
-1.36005 -0.0533869
-4.37536 -0.0573007
-8.66551 0

0.39637 0
0.125727 -0.00309664
0.0322244 -0.00858108
0.00404611 -0.0161181
-0.0411049 -0.0266394
-0.304633 -0.0411692
-1.44033 -0.057799
-4.40642 -0.0605646
-8.24773 0

0.36033 0
0.116392 -0.00281508
0.032108 -0.00784499
0.00762988 -0.0148354
-0.0363709 -0.0247775
-0.309075 -0.0388917
-1.48423 -0.0556672
-4.50889 -0.0594164
-8.3947 0

0.251306 0
0.0930209 -0.00196333
0.0444853 -0.00556585
0.0430966 -0.0106995
0.0264609 -0.0183336
-0.21004 -0.0299967
-1.37495 -0.0455463
-4.61222 -0.0522046
-9.31781 0

0.100485 0
0.0805372 -0.00078504
0.116926 -0.00233199
0.201164 -0.00461617
0.316607 -0.00824769
0.337444 -0.0145047
-0.368553 -0.0246512
-3.5637 -0.0330329
-11.7718 0

0 0
0.100485 0
0.298494 0
0.590869 0
1.0557 0
1.85661 0
3.15535 0
4.22822 0
0 0

