-0
-0
-0
0
0
0
-0
-0
-0

-0
-151.636
-116.057
62.8098
164.13
62.8098
-116.057
-151.636
-6.03003e-14

-0
-116.057
-88.8264
48.0725
125.62
48.0725
-88.8264
-116.057
-4.61519e-14

0
62.8098
48.0725
-26.0167
-67.9848
-26.0167
48.0725
62.8098
2.49772e-14

0
164.13
125.62
-67.9848
-177.653
-67.9848
125.62
164.13
6.52686e-14

0
62.8098
48.0725
-26.0167
-67.9848
-26.0167
48.0725
62.8098
2.49772e-14

-0
-116.057
-88.8264
48.0725
125.62
48.0725
-88.8264
-116.057
-4.61519e-14

-0
-151.636
-116.057
62.8098
164.13
62.8098
-116.057
-151.636
-6.03003e-14

-0
-6.03003e-14
-4.61519e-14
2.49772e-14
6.52686e-14
2.49772e-14
-4.61519e-14
-6.03003e-14
-2.39793e-29

